1200 10000 30 1000
3 5 5 8 10
2 10 7 6 10
1 64
2
39 62
2
30 55
161
1 9
1 2
2 10
2 3
2 9
3 11
3 4
3 10
4 12
4 5
4 11
5 13
5 6
5 12
6 14
6 7
6 13
7 15
7 8
7 14
8 16
8 15
9 17
9 10
10 18
10 11
10 17
11 19
11 12
11 18
12 20
12 13
12 19
13 21
13 14
13 20
14 22
14 15
14 21
15 23
15 16
15 22
16 24
16 23
17 25
17 18
18 26
18 19
18 25
19 27
19 20
19 26
20 28
20 21
20 27
21 29
21 22
21 28
22 30
22 23
22 29
23 31
23 24
23 30
24 32
24 31
25 33
25 26
26 34
26 27
26 33
27 35
27 28
27 34
28 36
28 29
28 35
29 37
29 30
29 36
30 38
30 31
30 37
31 39
31 32
31 38
32 40
32 39
33 41
33 34
34 42
34 35
34 41
35 43
35 36
35 42
36 44
36 37
36 43
37 45
37 38
37 44
38 46
38 39
38 45
39 47
39 40
39 46
40 48
40 47
41 49
41 42
42 50
42 43
42 49
43 51
43 44
43 50
44 52
44 45
44 51
45 53
45 46
45 52
46 54
46 47
46 53
47 55
47 48
47 54
48 56
48 55
49 57
49 50
50 58
50 51
50 57
51 59
51 52
51 58
52 60
52 53
52 59
53 61
53 54
53 60
54 62
54 55
54 61
55 63
55 56
55 62
56 64
56 63
57 58
58 59
59 60
60 61
61 62
62 63
63 64




